=> x"00000000",
=> x"00000001",
=> x"00000002",
=> x"0008072c",
=> x"00070102",
=> x"00020102",
=> x"00010002",
=> x"00ab1c2b",
=> x"00b09256",
=> x"0000dcd6",
=> x"000e082c",
=> x"00020101",
=> x"00010000",
=> x"00060102",
=> x"00010102",


[0, 0, 0, 0, 0, 0, 0, 0, 0, 0, 0, 0, 0, 0, 0, 0, 0, 0, 0, 0, 0, 0, 1, 2, 1, 0, 0, 0, 0, 0, 0, 0, 0, 0, 0, 0, 0, 0, 1, 3, 3, 3, 3, 3, 3, 3, 0, 0, 0, 0, 0, 1, 0, 0, 3, 3, 3, 3, 3, 3, 3, 3, 3, 3, 0, 0, 2, 6, 3, 3, 7, 7, 7, 7, 7, 7, 8, 8, 3, 3, 0, 0, 3, 3, 7, 7, 7, 7, 7, 7, 8, 8, 8, 8, 3, 3, 9, 9, 7, 7, 7, 7, 7, 7, 8, 8, 8, 8, 8, 8, 3, 3, 3, 3, 7, 7, 7, 7, 7, 8, 8, 8, 8, 8, 8, 8, 3, 3, 3, 3, 7, 7, 7, 7, 7, 8, 8, 8, 8, 8, 8, 8, 3, 3, 3, 3, 7, 7, 7, 7, 7, 8, 8, 8, 8, 8, 8, 8, 3, 3, 9, 9, 7, 7, 7, 7, 7, 7, 8, 8, 8, 8, 8, 8, 3, 3, 0, 0, 3, 3, 7, 7, 7, 7, 7, 7, 8, 8, 8, 8, 3, 3, 0, 1, 1, 0, 3, 3, 7, 7, 7, 7, 7, 7, 8, 8, 3, 3, 0, 0, 0, 1, 2, 11, 3, 3, 3, 3, 3, 3, 3, 3, 3, 3, 0, 0, 0, 0, 0, 0, 0, 3, 3, 3, 3, 3, 3, 3, 0, 0, 0, 0, 0, 0, 0, 0, 0, 0, 0, 0, 0, 0, 0, 0, 0, 0], 



[0, 0, 0, 0, 0, 0, 0, 0, 0, 0, 0, 0, 0, 0, 0, 0, 0, 0, 0, 0, 0, 0, 2, 2, 1, 0, 0, 0, 0, 0, 0, 0, 0, 0, 0, 1, 0, 0, 3, 3, 3, 1, 1, 0, 0, 0, 0, 0, 4, 4, 5, 0, 3, 3, 3, 3, 3, 3, 0, 1, 2, 1, 0, 0, 7, 7, 3, 3, 7, 7, 7, 7, 3, 3, 3, 3, 3, 3, 1, 0, 7, 7, 3, 3, 7, 7, 7, 7, 3, 3, 7, 7, 7, 3, 3, 1, 3, 3, 3, 3, 3, 10, 10, 3, 3, 3, 7, 7, 7, 7, 3, 3, 7, 7, 7, 7, 7, 7, 7, 7, 3, 3, 7, 7, 7, 7, 3, 3, 3, 7, 7, 7, 7, 7, 7, 7, 3, 3, 7, 7, 7, 7, 3, 3, 7, 7, 7, 7, 7, 7, 7, 7, 3, 3, 7, 7, 7, 7, 3, 3, 3, 3, 3, 3, 3, 3, 3, 3, 3, 3, 7, 7, 7, 7, 3, 3, 7, 7, 3, 3, 7, 7, 7, 7, 3, 3, 7, 7, 7, 3, 3, 1, 7, 7, 3, 3, 7, 7, 7, 7, 3, 3, 3, 3, 3, 3, 0, 0, 12, 13, 5, 0, 3, 3, 3, 3, 3, 3, 0, 0, 1, 0, 0, 0, 0, 0, 0, 1, 1, 0, 3, 3, 3, 0, 14, 0, 0, 0, 0, 0, 0, 0, 0, 0, 0, 1, 2, 2, 2, 1, 0, 0, 0, 0, 0, 0], 

