0x353b39
0x07072c
0x0000fe
0x08072c
0xb19357
0x0800fe
0x00dcd6
0x12082c
0x19092c
0x16092c
0x1d01fb


[0, 0, 0, 0, 0, 0, 0, 0, 0, 0, 0, 0, 0, 0, 0, 0, 0, 0, 0, 0, 0, 0, 1, 1, 1, 1, 1, 0, 0, 0, 0, 0, 0, 0, 0, 0, 0, 0, 1, 1, 1, 1, 1, 1, 0, 0, 0, 0, 0, 0, 1, 1, 1, 1, 1, 1, 2, 2, 2, 2, 3, 3, 2, 2, 0, 1, 1, 2, 2, 2, 1, 1, 2, 2, 2, 2, 3, 3, 2, 2, 1, 1, 5, 2, 2, 2, 1, 1, 3, 3, 3, 3, 3, 3, 3, 3, 1, 1, 2, 2, 2, 2, 1, 1, 2, 2, 2, 2, 2, 2, 2, 2, 1, 1, 2, 2, 2, 2, 1, 1, 2, 2, 2, 2, 2, 2, 2, 3, 1, 1, 2, 2, 2, 2, 1, 1, 2, 2, 2, 2, 2, 2, 2, 2, 1, 1, 2, 2, 2, 2, 1, 1, 7, 8, 8, 9, 3, 3, 3, 3, 0, 1, 1, 2, 2, 2, 1, 1, 2, 2, 2, 2, 3, 3, 2, 2, 0, 0, 1, 1, 1, 1, 1, 1, 2, 2, 2, 2, 3, 3, 2, 2, 0, 0, 0, 0, 0, 0, 1, 1, 1, 1, 1, 1, 0, 0, 0, 0, 0, 0, 0, 0, 0, 0, 1, 1, 1, 1, 1, 0, 0, 0, 0, 0, 0, 0, 0, 0, 0, 0, 0, 0, 0, 0, 0, 0, 0, 0, 0, 0, 0, 0, 0, 0, 0, 0, 0, 0, 0, 0, 0, 0, 0, 0, 0, 0], 



[0, 0, 0, 0, 0, 0, 0, 0, 0, 0, 0, 0, 0, 0, 0, 0, 0, 0, 1, 1, 1, 1, 1, 1, 1, 0, 0, 0, 0, 0, 0, 0, 1, 1, 1, 1, 1, 1, 1, 1, 1, 1, 0, 0, 0, 0, 0, 0, 1, 1, 4, 4, 2, 2, 2, 2, 2, 2, 1, 1, 0, 0, 0, 0, 1, 1, 4, 4, 4, 4, 2, 2, 2, 2, 2, 2, 1, 1, 0, 0, 1, 1, 4, 4, 4, 4, 4, 4, 2, 2, 2, 2, 2, 2, 6, 6, 1, 1, 4, 4, 4, 4, 4, 4, 4, 2, 2, 2, 2, 2, 1, 1, 1, 1, 4, 4, 4, 4, 4, 4, 4, 2, 2, 2, 2, 2, 1, 1, 1, 1, 4, 4, 4, 4, 4, 4, 4, 2, 2, 2, 2, 2, 1, 1, 1, 1, 4, 4, 4, 4, 4, 4, 2, 2, 2, 2, 2, 2, 6, 6, 1, 1, 4, 4, 4, 4, 10, 2, 2, 2, 2, 2, 1, 1, 0, 0, 1, 1, 4, 4, 2, 2, 2, 2, 2, 2, 1, 1, 0, 0, 0, 0, 1, 1, 1, 1, 1, 1, 1, 1, 1, 1, 0, 0, 0, 0, 0, 0, 0, 0, 1, 1, 1, 1, 1, 1, 1, 0, 0, 0, 0, 0, 0, 0, 0, 0, 0, 0, 0, 0, 0, 0, 0, 0, 0, 0, 0, 0, 0, 0, 0, 0, 0, 0, 0, 0, 0, 0, 0, 0, 0, 0, 0, 0, 0, 0], 

