0x"00000000
0x"00000001
0x"00000002
0x"0008072c
0x"00070102
0x"00020102
0x"00010002
0x"00ab1c2b
0x"00b09256
0x"000a072b
0x"0007062b
0x"00aa1b2c
0x"0000dcd6
0x"0016092c
0x"0019092c
0x"0012082c
0x"00a81b2e
0x"00a81b32
0x"00a81b2f
0x"00a91c2c
0x"00b09156
0x"00b19357
0x"00010106
0x"0007072c
0x"00020101
0x"00010000
0x"00060102
0x"00010102



[0, 0, 0, 0, 0, 0, 0, 0, 0, 0, 0, 0, 0, 0, 0, 0, 0, 0, 0, 0, 0, 0, 1, 2, 1, 0, 0, 0, 0, 0, 0, 0, 0, 0, 0, 0, 0, 0, 1, 3, 3, 3, 3, 3, 3, 3, 0, 0, 0, 0, 0, 1, 0, 0, 3, 3, 3, 3, 3, 3, 3, 3, 3, 3, 0, 0, 2, 6, 3, 3, 7, 7, 7, 7, 7, 7, 8, 8, 3, 3, 0, 0, 3, 3, 7, 7, 7, 7, 7, 7, 8, 8, 8, 8, 3, 3, 12, 12, 7, 7, 7, 7, 7, 7, 8, 8, 8, 8, 8, 8, 3, 3, 3, 3, 7, 7, 7, 7, 7, 8, 8, 8, 8, 8, 8, 8, 3, 3, 3, 3, 7, 7, 7, 7, 7, 8, 8, 8, 8, 8, 8, 8, 3, 3, 3, 3, 7, 7, 7, 7, 7, 20, 8, 8, 8, 8, 8, 8, 3, 3, 12, 12, 7, 7, 7, 7, 7, 7, 8, 8, 8, 21, 8, 8, 3, 3, 0, 0, 3, 3, 7, 7, 7, 7, 7, 7, 8, 8, 8, 8, 3, 3, 0, 1, 1, 0, 3, 3, 7, 7, 7, 7, 7, 7, 8, 8, 3, 3, 0, 0, 0, 1, 2, 24, 4, 3, 3, 3, 3, 3, 3, 3, 3, 3, 0, 0, 0, 0, 0, 0, 0, 3, 3, 3, 3, 3, 3, 3, 0, 0, 0, 0, 0, 0, 0, 0, 0, 0, 0, 0, 0, 0, 0, 0, 0, 0], 


[0, 0, 0, 0, 0, 0, 0, 0, 0, 0, 0, 0, 0, 0, 0, 0, 0, 0, 0, 0, 0, 0, 2, 2, 1, 0, 0, 0, 0, 0, 0, 0, 0, 0, 0, 1, 0, 0, 3, 3, 0, 1, 1, 0, 0, 0, 0, 0, 4, 4, 5, 3, 3, 3, 3, 3, 3, 3, 0, 1, 2, 1, 0, 0, 7, 7, 3, 3, 7, 7, 7, 7, 3, 3, 9, 3, 3, 10, 1, 0, 7, 7, 3, 3, 7, 7, 7, 7, 3, 3, 7, 7, 11, 3, 3, 1, 3, 3, 3, 3, 13, 14, 14, 15, 3, 3, 7, 7, 7, 7, 3, 3, 7, 7, 7, 7, 7, 7, 7, 7, 3, 3, 7, 7, 7, 7, 3, 3, 3, 16, 17, 18, 19, 7, 7, 7, 3, 3, 7, 7, 7, 7, 3, 3, 7, 7, 7, 7, 7, 7, 7, 7, 3, 3, 7, 7, 7, 7, 3, 3, 3, 3, 3, 3, 3, 3, 3, 3, 3, 3, 7, 7, 7, 7, 3, 3, 7, 7, 3, 3, 7, 7, 7, 7, 3, 3, 7, 7, 7, 3, 22, 1, 7, 7, 3, 3, 7, 7, 7, 7, 3, 23, 3, 3, 3, 3, 0, 0, 25, 26, 5, 0, 3, 3, 3, 3, 3, 3, 0, 0, 1, 0, 0, 0, 0, 0, 0, 1, 1, 0, 3, 3, 3, 0, 27, 0, 0, 0, 0, 0, 0, 0, 0, 0, 0, 1, 2, 2, 2, 1, 0, 0, 0, 0, 0, 0],
